  1.0033445E-02  0.0000000E+00
  3.0100334E-02  1.5747882E-02
  5.0167225E-02  3.9874474E-03
  7.0234112E-02  3.3336975E-02
  9.0301007E-02  5.1357679E-02
  0.1103679      0.1082256    
  0.1304348      6.7373797E-02
  0.1505017      6.6855997E-02
  0.1705686      0.1149443    
  0.1906355      0.1017167    
  0.2107023      0.2754807    
  0.2307692      0.1337290    
  0.2508361      0.1388992    
  0.2709030      0.2035163    
  0.2909699      0.2878633    
  0.3110368      0.6563011    
  0.3311037      0.8175923    
  0.3511706       1.287787    
  0.3712375       1.555903    
  0.3913043      0.7734078    
  0.4113712      0.7667398    
  0.4314381       1.150013    
  0.4515050      0.7182465    
  0.4715719      0.9376839    
  0.4916388       1.164258    
  0.5117057      0.9593621    
  0.5317726      0.9817958    
  0.5518395      0.9614758    
  0.5719063      0.8005877    
  0.5919732      0.8208205    
  0.6120402       1.044115    
  0.6321070      0.7628331    
  0.6521739       1.251315    
  0.6722408       1.296862    
  0.6923077       1.154982    
  0.7123746      0.8779791    
  0.7324415       1.130108    
  0.7525083      0.9581468    
  0.7725753      0.6820270    
  0.7926421      0.8148682    
  0.8127090      0.9935946    
  0.8327759       1.072811    
  0.8528428      0.9209530    
  0.8729097      0.8551684    
  0.8929766      0.9343830    
  0.9130435      0.9085755    
  0.9331104      0.9414010    
  0.9531773       1.045211    
  0.9732441       1.086136    
  0.9933110      0.7905027    
   1.013378      0.6581628    
   1.033445      0.3997824    
   1.053512      0.3998529    
   1.073579      0.5409761    
   1.093645      0.5836506    
   1.113712      0.5301302    
   1.133779      0.7420840    
   1.153846      0.5761836    
   1.173913      0.5242155    
   1.193980      0.5658967    
   1.214047      0.4460036    
   1.234114      0.7388729    
   1.254181      0.5322615    
   1.274248      0.5286689    
   1.294314      0.3360387    
   1.314381      0.2720956    
   1.334448      0.3198448    
   1.354515      0.3789602    
   1.374582      0.3487887    
   1.394649      0.2804084    
   1.414716      0.4476697    
   1.434783      0.3930580    
   1.454849      0.3540101    
   1.474916      0.2565979    
   1.494983      0.1732912    
   1.515050      0.1592161    
   1.535117      0.1265909    
   1.555184      0.1405941    
   1.575251      9.4247721E-02
   1.595318      0.1392329    
   1.615385      0.1199769    
   1.635452      0.1601754    
   1.655518      7.9607517E-02
   1.675585      8.7200254E-02
   1.695652      4.8412725E-02
   1.715719      6.5861866E-02
   1.735786      4.8232704E-02
   1.755853      7.4312553E-02
   1.775920      8.9968920E-02
   1.795987      7.8502610E-02
   1.816054      8.3048999E-02
   1.836120      6.6796489E-02
   1.856187      5.0104439E-02
   1.876254      3.6604486E-02
   1.896321      3.4041502E-02
   1.916388      2.4961924E-02
   1.936455      4.4594925E-02
   1.956522      3.6527049E-02
   1.976589      5.8167480E-02
   1.996655      2.2050425E-02
   2.016722      1.7600680E-02
   2.036789      6.9144135E-03
   2.056856      1.8183660E-02
   2.076923      8.3790431E-03
   2.096990      1.0858038E-02
   2.117057      1.8162828E-02
   2.137124      6.4224815E-03
   2.157191      5.7225428E-03
   2.177258      1.5309104E-02
   2.197325      4.6865949E-03
   2.217391      7.4117407E-03
   2.237458      4.5516426E-03
   2.257525      3.9445823E-03
   2.277592      5.9233857E-03
   2.297659      3.8278422E-03
   2.317726      1.3427942E-02
   2.337793      9.1317948E-03
   2.357860      4.7959867E-03
   2.377926      7.5486554E-03
   2.397993      1.3792895E-02
   2.418060      2.6707030E-03
   2.438127      2.1536339E-03
   2.458194      1.2526844E-02
   2.478261      8.6766155E-03
   2.498328      2.1988184E-03
   2.518395      4.9924287E-03
   2.538461      3.2359441E-03
   2.558528      6.0606292E-03
   2.578595      0.0000000E+00
   2.598662      4.3153339E-03
   2.618729      0.0000000E+00
   2.638796      7.5950678E-03
   2.658863      1.3130918E-02
   2.678930      5.5373237E-03
   2.698997      6.8199490E-03
   2.719064      4.9885670E-03
   2.739130      6.0314201E-03
   2.759197      1.3884996E-02
   2.779264      1.9128319E-03
   2.799331      1.8816845E-02
   2.819398      3.4339506E-02
   2.839465      1.7776713E-02
   2.859532      0.0000000E+00
   2.879599      1.2841893E-02
   2.899666      9.5409965E-03
   2.919732      8.3103264E-03
   2.939799      1.1149851E-02
   2.959866      2.3777485E-02
   2.979933      2.2361135E-02
   3.000000      1.0545359E-02
   3.020067      9.5092701E-03
   3.040134      2.3113746E-02
   3.060201      2.8165799E-02
   3.080268      2.6342697E-02
   3.100334      1.6699277E-02
   3.120401      4.2700343E-02
   3.140468      2.0882590E-02
   3.160535      1.9267175E-02
   3.180602      2.1035688E-02
   3.200669      1.4021290E-02
   3.220736      6.7014019E-03
   3.240803      5.4329750E-03
   3.260870      2.0195648E-02
   3.280936      5.8897370E-03
   3.301003      1.3410511E-02
   3.321070      2.3311984E-02
   3.341137      2.0204157E-02
   3.361204      1.0193434E-02
   3.381271      3.1749867E-02
   3.401338      1.5160548E-02
   3.421405      2.0185584E-02
   3.441472      1.5118342E-02
   3.461539      1.9212410E-02
   3.481605      2.2132529E-02
   3.501672      3.5581877E-03
   3.521739      4.1404562E-03
   3.541806      3.3505643E-03
   3.561873      8.6474037E-03
   3.581940      1.6952338E-02
   3.602007      0.0000000E+00
   3.622074      8.2023088E-03
   3.642140      6.5002912E-03
   3.662207      3.2938556E-03
   3.682274      0.0000000E+00
   3.702341      0.0000000E+00
   3.722408      7.6252865E-03
   3.742475      3.2725993E-03
   3.762542      0.0000000E+00
   3.782609      0.0000000E+00
   3.802675      0.0000000E+00
   3.822742      4.6664574E-03
   3.842809      8.0857677E-03
   3.862876      3.4864191E-03
   3.882943      2.5514681E-03
   3.903010      0.0000000E+00
   3.923077      0.0000000E+00
   3.943144      1.1085765E-02
   3.963211      3.5120740E-03
   3.983278      4.1696555E-03
   4.003345      0.0000000E+00
   4.023411      0.0000000E+00
   4.043478      0.0000000E+00
   4.063545      0.0000000E+00
   4.083612      0.0000000E+00
   4.103679      0.0000000E+00
   4.123746      0.0000000E+00
   4.143813      0.0000000E+00
   4.163879      2.4922558E-03
   4.183947      0.0000000E+00
   4.204013      0.0000000E+00
   4.224080      9.1199996E-03
   4.244147      3.6762662E-03
   4.264214      0.0000000E+00
   4.284281      0.0000000E+00
   4.304348      0.0000000E+00
   4.324415      7.4574398E-03
   4.344481      9.1672568E-03
   4.364549      3.7852791E-03
   4.384615      0.0000000E+00
   4.404682      0.0000000E+00
   4.424749      0.0000000E+00
   4.444816      0.0000000E+00
   4.464883      0.0000000E+00
   4.484950      0.0000000E+00
   4.505017      0.0000000E+00
   4.525084      0.0000000E+00
   4.545150      0.0000000E+00
   4.565217      2.2314736E-03
   4.585284      0.0000000E+00
   4.605351      0.0000000E+00
   4.625418      2.6012093E-03
   4.645485      0.0000000E+00
   4.665552      0.0000000E+00
   4.685619      0.0000000E+00
   4.705686      0.0000000E+00
   4.725752      2.7558890E-03
   4.745820      0.0000000E+00
   4.765886      0.0000000E+00
   4.785953      0.0000000E+00
   4.806020      0.0000000E+00
   4.826087      0.0000000E+00
   4.846154      0.0000000E+00
   4.866221      0.0000000E+00
   4.886288      0.0000000E+00
   4.906354      0.0000000E+00
   4.926422      0.0000000E+00
   4.946488      0.0000000E+00
   4.966555      0.0000000E+00
   4.986622      0.0000000E+00
   5.006689      0.0000000E+00
   5.026756      0.0000000E+00
   5.046823      0.0000000E+00
   5.066890      0.0000000E+00
   5.086957      0.0000000E+00
   5.107023      0.0000000E+00
   5.127090      0.0000000E+00
   5.147157      0.0000000E+00
   5.167224      0.0000000E+00
   5.187291      0.0000000E+00
   5.207358      0.0000000E+00
   5.227425      0.0000000E+00
   5.247492      0.0000000E+00
   5.267559      0.0000000E+00
   5.287625      0.0000000E+00
   5.307693      0.0000000E+00
   5.327759      0.0000000E+00
   5.347826      0.0000000E+00
   5.367893      0.0000000E+00
   5.387960      0.0000000E+00
   5.408027      0.0000000E+00
   5.428093      0.0000000E+00
   5.448161      0.0000000E+00
   5.468227      0.0000000E+00
   5.488294      0.0000000E+00
   5.508361      0.0000000E+00
   5.528428      0.0000000E+00
   5.548495      0.0000000E+00
   5.568562      0.0000000E+00
   5.588629      0.0000000E+00
   5.608696      0.0000000E+00
   5.628763      0.0000000E+00
   5.648829      0.0000000E+00
   5.668896      0.0000000E+00
   5.688963      0.0000000E+00
   5.709030      0.0000000E+00
   5.729097      0.0000000E+00
   5.749164      0.0000000E+00
   5.769231      0.0000000E+00
   5.789298      0.0000000E+00
   5.809364      0.0000000E+00
   5.829432      0.0000000E+00
   5.849498      0.0000000E+00
   5.869565      0.0000000E+00
   5.889632      0.0000000E+00
   5.909699      0.0000000E+00
   5.929766      0.0000000E+00
   5.949833      0.0000000E+00
   5.969900      0.0000000E+00
   5.989966      0.0000000E+00
